2142
-9212
-6282
2720
-370
-4038
-5780
-1040
-4553
1148
7374
-6777
7868
1324
935
-6945
-6605
-5036
-2684
-2075
-6520
-1399
5244
-8095
7467
812
1592
-9760
-2923
4770
1058
4822
1908
9067
4647
6265
8807
5191
-7777
-1149
-9019
7072
3415
3744
6116
7842
8261
6159
-6838
-5350
-1934
-5418
-5891
6463
-291
6955
2662
-7593
5776
-8835
-3927
-8657
-4881
8250
1100
-7596
9431
4776
2630
-4746
955
936
-3684
-2629
9450
-2916
-6582
-237
-5744
7678
-4977
-375
-8499
7842
6883
6899
7157
-8525
-8697
8163
-5728
3867
-8013
-3582
8146
-278
5820
-3629
6830
-2231
3225
9581
9269
-7154
-8694
-5766
3016
128
-8042
3151
4654
8305
6547
-6062
3222
-2514
-8386
-77
6139
2667
-3764
6852
785
-108
-1398
-1518
8370
2098
-6720
-9030
-238
2220
-1129
2033
-2579
-833
6615
-3048
6747
8692
-1500
9142
-7286
-7270
-6748
5750
6999
7778
-3844
-743
1954
8587
8126
7269
-2568
3877
2821
6867
2438
4731
-4349
6057
-4908
1748
1604
4033
-5222
4661
-5383
8145
8943
6664
2555
-1112
2309
7610
-3047
-7435
-672
2481
9344
3584
3381
-8721
6192
-2171
2360
-9816
4511
-1342
-3462
-5358
-3019
5460
1439
7041
-3010
-667
9435
-3285
2510
-8205
-6302
3805
1993
3091
-1966
2545
-5276
-8458
-9303
-2886
-7047
985
-9147
-9453
-3285
8664
-3878
4433
-1134
5406
-9102
1041
-6222
1852
2222
2094
8410
4710
-9978
-3034
9406
4436
1214
9195
-4823
676
1547
-1354
4510
-2431
3117
3444
1366
-8733
-4253
7410
-1527
9578
1177
2846
-8940
9329
9809
1564
8713
6235
-1380
-8006
2592
8474
651
-6077
6626
-3951
4711
-8863
3755
6829
-3097
6821
9051
6348
-3274
-159
4695
3059
-7035
-6111
-9112
8032
-1553
273
7794
-2299
1059
-4652
-1147
5134
4694
-9555
-7772
2908
-8682
-8176
-4685
8628
770
7936
2401
8485
760
5447
-4654
3441
-9749
8609
3852
-7873
7510
-2323
4980
-3635
-5157
-6511
-4796
4226
-2791
6498
-4760
3529
4821
3696
7510
7911
705
-7811
-3682
3275
5817
2395
-4045
121
-8507
8102
-5114
-4569
1392
3670
-1997
9582
-3494
-730
4204
-825
-2426
-3773
-3386
567
4901
7048
1670
-5431
-3801
3933
-9306
-7288
-3771
20
-2169
-2742
9199
636
8451
7972
-4033
9184
-7649
6987
-4315
3210
376
9147
-6732
-8526
8688
-2283
2352
2178
2698
8667
8688
3030
-389
-5405
-6111
-7726
-5147
-1171
-7977
2331
-8108
-630
-5114
-4955
-3420
-9967
2857
-6572
8334
-7101
-1047
-4769
-1122
-1850
2952
8358
-3093
3225
7383
6102
-5504
9790
8261
1143
-7365
-7035
-1538
-3653
-3805
-9815
-323
8460
-9205
3709
-829
1807
9740
-4440
3926
-6210
-3059
-4346
7297
-2380
-9653
-4278
861
-6027
-7110
4109
-435
9948
-720
2948
2732
-7522
-7785
4927
8644
-1687
-260
-9244
-340
-8261
2322
-2330
2404
-3559
1305
-6230
-6112
-1410
-2380
9982
8198
2239
-2341
-7771
5744
7728
7546
651
-4863
-8853
9535
2232
2484
1499
5582
-62
-8793
-2851
-9851
9114
-3960
-1675
6591
9629
5626
-8653
9307
-822
-7311
7141
3709
1807
4110
2401
5761
-573
-5874
-6174
7732
-9183
1478
9943
7151
1437
7007
-6886
-6953
-1164
6402
-4487
7821
9160
9852
3484
2781
-7973
6795
4017
2955
-3007
5887
6899
-1103
2697
-2405
-9250
4976
4460
-1839
-1380
-9608
-3117
-5088
-1441
-9496
1558
-3807
-5201
-2247
2496
9755
-5390
-177
-1469
-3034
1177
-6997
-3399
8753
-8347
8374
8300
-2700
-9352
-8220
-807
-892
9439
6770
-5304
8066
994
6273
-4466
8861
4706
3208
228
4836
-4118
-6521
-491
7486
-9689
9566
2911
-7364
-9502
-7869
-2048
-1952
-7797
7591
5485
-1317
-5218
-8949
-9630
-579
7896
9718
-2495
-6210
4155
-7820
2199
-6742
-4707
-8755
-8798
-3800
-7947
6865
1918
2477
-4758
4265
-1135
-2186
5986
-6402
3794
-7698
-7255
-2673
6448
5083
-8507
-2497
5201
-7721
-9961
3309
3314
6377
-2725
9875
7161
-3428
7340
-2518
8567
-16
-8393
-33
-4440
-5248
-1873
-3337
-9767
-1822
898
-3889
482
-7168
171
-8232
1783
-2354
-7049
5081
5173
-3473
-6218
-4817
-3137
-7180
8689
-5109
-3609
-6520
-1047
-8657
-9933
-3853
-3907
-8933
2916
-7190
-1306
-5253
8340
1654
119
-337
5970
-4095
-3255
7899
-623
1063
1354
-9498
630
2789
2164
985
-882
-5247
3623
-9253
-2644
-6464
145
-7665
-4229
3436
-5752
2911
9744
3069
-5669
-6373
-9048
-7861
-7368
410
6127
-5352
-2400
4068
9809
-4418
4297
7458
5145
968
-4942
1741
-9494
3729
-1322
4538
936
-4845
8513
4442
7421
-8040
-3048
-9019
5083
-2714
927
-8582
-6433
6918
8518
5063
1389
-654
-3961
-9300
9581
-4933
-4347
-4482
-5657
9601
-8063
-6551
-5201
6596
-3533
9041
-6190
4553
-8644
-1247
-7843
2236
8667
1324
4836
9477
-1618
-4338
3143
2276
-9269
5083
-3031
-6318
-5989
9202
5319
935
5422
8880
-8339
7014
3422
-1353
4414
-6755
-6254
-1346
-1283
3999
8745
-5816
4280
-769
-8642
8052
-7536
6734
2807
6622
4947
-8217
-4556
-1766
3302
-9548
1090
-7851
9534
1348
5679
1462
8684
1556
8583
2276
3344
7815
-7198
129
8906
-3851
3797
1969
4713
910
-9969
1689
-6318
-6025
2818
-1655
567
-2917
-1521
-2704
2302
-2714
2987
-7409
-8912
520
8728
-3418
4756
2057
-9848
163
-8207
-4727
3214
8575
-2675
-3736
8116
-7083
-9630
903
8444
1866
9416
-9249
4614
-3752
-4486
8871
-8299
2348
-3174
-5263
-1556
246
-4195
544
81
6411
6036
4327
-878
8593
-1457
-878
2633
9800
-3162
-3880
-869
8048
8438
-984
-9964
3378
-6039
1204
1263
785
-1363
-1283
3619
-7817
-1108
5848
-5201
1978
-511
5485
1368
4413
2697
-3949
9789
-1806
5822
-381
4836
-1766
502
6268
-9779
-3735
4207
-5467
-2913
-7141
3381
2116
-2923
513
-1902
4065
4116
124
3151
3410
-8856
-6389
1421
-4231
-7467
2003
7664
-7066
6872
6401
-229
1259
-868
7100
-3535
9025
-8700
-389
-885
2253
-330
4110
4245
7780
-7376
9985
-3724
-5904
-3735
-2560
2178
-5406
985
9053
1571
-572
-6608
7065
802
-4621
-4229
-4959
2176
-6928
7985
-632
-9026
7743
-8714
-9573
-2784
-365
7141
-8971
-9259
9279
1386
9703
-7141
3923
-9172
-448
6160
-2417
-1001
5561
-2640
-4273
1947
-6237
8122
7183
4741
-291
-9214
-557
-3097
-3050
2322
2955
9335
3052
1421
7445
-3448
-5608
5631
7186
-2227
-5169
8006
-9565
-4114
1612
-1103
-8416
9625
-2422
-8536
6336
9079
4941
6158
-9457
2033
-2532
1156
739
-7246
3522
9390
8842
-9026
-7729
-7137
-7357
9028
5921
-7019
-6995
-5040
-1364
9800
8483
-1657
4517
3179
-8682
-3960
2788
603
6648
3428
3687
-4945
2373
2956
5159
-6484
910
9830
-2038
-2367
-9329
-9447
-8959
-9672
-5343
4297
-660
7042
208
5326
7183
6455
7335
4892
-6557
-8220
-7596
-4298
9836
-6496
9639
-2793
-4952
-1474
-5543
-6732
-6564
7520
1485
7537
-7572
4758
8807
662
-8590
-3048
3574
-2901
9729
5357
-8519
8871
-3975
2633
-2550
-4844
2647
-8051
2448
8321
-8520
5793
9169
-6631
-7066
1318
-8458
6
5993
-7061
-1815
6125
-3679
-3482
-9905
-8881
-4793
-8230
4188
-9503
1819
-3117
117
-1921
3696
7723
-5176
1921
6255
-9926
-7369
-8353
1542
-965
5926
2118
9078
1253
-7432
6297
1724
8208
-5673
-4847
1994
806
7137
6318
-2620
4327
-7858
9065
8112
-5622
-2913
-1100
-5293
1416
1274
7044
974
3989
-7270
-2190
-3739
2935
-7250
7108
-6571
6645
890
7334
-5429
9609
-9550
-3170
-9295
-6733
6734
7138
7086
-5293
-2623
-1309
-481
6516
-5
9938
-1135
8137
6139
-2918
9489
-6825
1400
-1554
7467
2465
6934
-9889
5453
5343
-5522
-4745
6516
-4398
-2486
4077
-5210
-7861
1232
1885
9065
7007
-1098
6177
5544
-8503
5857
-7584
-5368
2630
-4328
169
-3363
-6369
-69
6657
-1921
7253
7401
2570
1870
-4556
1217
-3591
-3281
2822
3527
-9048
-266
-7858
-7024
5712
2857
4629
-3676
4200
9578
-5065
-8250
-6267
7818
-1247
493
-2582
-5735
-2314
8764
-7822
9523
890
-3800
-2535
-4669
-567
9943
7267
-5851
-8910
-8771
-7089
2395
6374
-8467
-6385
3581
-1640
8837
-3471
-4095
-5919
6159
137
-353
-1040
197
-7421
-4553
-4845
1903
130
1698
7495
8548
-4367
2699
6588
-6240
6692
-1118
-7667
9813
-4325
-329
8228
-3646
9813
5113
-6756
-7954
4179
-1594
-8560
-8665
1116
4188
-7220
7350
-6621
-9449
6283
-656
3803
4278
-7250
-2045
-8846
-3218
5945
5702
-9978
280
-9599
3531
-6631
-6170
-7264
8421
-2545
-2495
-1889
80
7527
137
3846
770
8126
6769
493
6777
7901
6162
8431
-9014
-2132
4814
2750
1043
8558
-3585
-9269
-3518
474
-3724
-6917
8946
-9084
-9752
-7368
-9420
-906
2687
2661
-4440
2441
1813
2093
-7208
-6871
-4701
2974
9153
-5147
895
1940
4324
-5389
-2415
-4094
514
8586
-744
555
-3155
-3510
-8394
6061
4862
5449
-8436
-1715
4038
3244
8796
4103
-7765
-3827
9849
7492
-2405
7504
4167
-9464
6374
-7954
-4328
9155
4116
-6342
1159
-6847
1592
8808
7072
-6359
-2089
-2553
785
-2568
-9604
9426
6963
-2216
8796
-2370
-9469
-7917
-2427
-3420
-4056
7752
-3170
1478
-730
-6545
4287
-7941
-6703
-210
-9606
-9341
4984
-470
520
-2614
7319
3148
2661
-7748
-3464
1368
3047
8567
-1259
926
6221
-8190
4584
6172
8485
7697
-9745
935
4520
5551
1816
-9626
-4418
-208
7421
617
-7444
5947
-8154
-3837
520
-171
-830
3472
4238
-6915
6825
5918
-356
-4340
294
8321
-6705
739
8396
-3265
-4936
7354
6846
8333
9403
-5959
9582
3088
-5739
496
-8572
-653
-1613
4617
567
-3121
5701
-3598
3719
5094
1748
955
-2009
-8830
-5271
-6067
-4829
128
-8798
-1283
9307
1155
6998
2220
5002
2564
-1017
7748
6051
-9385
-8422
3316
-3944
-1312
-4445
979
-2218
4179
7899
-990
8875
-7405
-5536
3091
7225
-882
-3078
-4573
5921
-4672
5255
4950
-9965
-6998
7415
-2121
-2679
-5876
9286
-3323
-5355
-4497
9121
9899
4080
1807
-7731
-7183
-9900
7081
-2655
-5710
-7748
-6232
9786
-6331
-8288
167
-9889
-2718
-9078
-2988
9041
-4878
2208
3744
-1624
-3471
3930
5024
-5932
1375
3077
427
4411
-2883
7519
-6284
-6080
-5589
-1071
-9825
-5938
-555
-5282
-98
-3243
5963
9518
-5202
-4942
-7200
-340
-9117
-6265
5125
-7069
3152
1137
629
-5746
4856
-5719
-5418
4206
5771
7306
5147
4489
-4500
2956
1852
-8012
189
5764
4446
-9026
5381
7830
-7324
-7525
-2792
4316
-8492
6314
-6237
-2247
5326
1104
-3853
-4652
-4531
2826
-2582
-9873
-7614
4607
2484
6285
8261
2083
6795
6703
8001
8502
4218
1263
-265
-1164
9046
-8813
-8265
5822
-4562
-3244
8014
-2047
-7278
-6808
837
2797
5366
-6709
6168
6918
-508
-9623
-2577
-9767
3731
-9768
9153
-2861
6221
9937
-1637
6311
-8217
536
1612
4160
6102
1328
-9612
-7128
3508
-4032
-5721
-3576
2105
-1512
731
-6254
6154
8025
2737
4489
9542
9279
-7572
8450
5631
-2014
-9783
-672
-8289
-1899
-1773
1867
5568
-1809
-9550
-3914
7300
8112
-9339
-4558
-2367
7301
-9608
3132
-9532
4297
-7792
3129
4415
-8165
-6655
4607
-8593
-8439
3439
4213
5171
9678
-9840
7863
-3749
-652
-8934
-7584
2465
-9412
-7151
4543
7090
-8870
8596
6496
-3907
-270
8115
-273
3132
-7600
-7073
3496
8004
-7586
3760
9227
8938
-6766
166
-2536
-9572
7273
-3682
-6232
1751
2774
-3071
1748
2093
8505
-9889
-1485
-8619
6428
6769
-8378
-8713
-8556
9938
6696
9040
-6425
1415
-4780
6926
2146
-5403
6934
4307
4038
-7201
929
-4095
-108
-945
8854
9698
4027
2864
4522
-8870
4135
7526
-2711
-3274
5923
1895
2595
4293
472
5060
-4083
-6936
8460
6306
890
1644
-4229
-2649
-4049
-5711
9249
2703
-9013
2777
1964
-5355
-7240
-2027
4934
7617
6382
4668
3555
5195
-2783
-4937
-4291
428
-2038
1738
-2215
-3184
1318
1511
164
-9026
6047
-2816
-2089
-2593
5004
6735
5576
-9579
4489
8137
4455
4172
-2289
-3238
-3801
-1309
-4340
5176
-9630
-4646
1548
9002
7229
3757
-9097
1771
-5169
-1541
1318
-7083
2697
-7090
-7078
-5090
1497
2283
3118
-5443
2555
-3749
-766
8728
901
4708
-2717
-1512
9429
-3732
-808
-5690
8180
4901
839
-3126
9049
1011
-7105
8167
-5361
921
4446
9788
-7286
-5391
-1612
-8644
-3706
7060
6638
1263
5398
4735
-2537
8102
4265
-5036
2630
-4083
-9400
2660
-3103
7274
-5327
-8217
-7643
5194
-3326
-9633
9695
-8190
6871
-668
-5959
-7207
9028
-2380
-4328
9933
-3926
3169
2916
-2355
-9537
-3769
802
4616
2744
910
-4796
-5028
4517
55
4245
-1538
4218
-6332
-4195
2316
2721
6053
5119
-3339
-1873
5937
-4258
-8653
26
7717
-8165
-5109
-4505
896
7519
-4164
2223
5664
7553
7778
1054
2756
-6787
2109
6567
-2386
-9014
6326
302
-1133
-7517
-3302
7834
-8334
3857
4109
-2014
-7324
-1803
-800
-4494
-7196
-5636
6227
6756
-2453
-413
-8144
-8353
-4226
2309
3189
6413
-2489
5649
-376
992
6657
-1748
-2090
-4161
7626
-192
3867
4922
2828
-6420
-3291
7484
4143
-5516
5095
9160
-7716
-4298
-8345
2235
-8971
-4192
16
4382
4858
-6520
-5363
-115
-9604
-3494
-9618
3312
-8435
-7581
6944
-7220
-6438
-8553
-747
-2414
5701
-8144
6583
2510
-2298
-7368
968
7278
662
-5043
-6382
-9113
3712
-6605
-456
7677
3687
-1423
8116
9117
4130
5164
-5355
9153
3628
-2411
8332
-6893
2988
1856
-3629
-5858
-5340
-9230
-7654
7300
7524
2925
2821
-4624
9117
78
2840
8410
2402
2048
-1960
-2972
5822
5800
-6265
7038
-1674
-4088
-5370
9474
-8100
-8981
-652
-9564
1852
-3014
-7327
-3567
-2655
-9639
-1291
9281
-8234
-2443
-4038
-7271
5863
-6156
-6365
7577
-6388
4613
-4795
4297
8013
-1986
-371
-209
7481
-9127
2630
-4016
9768
2441
-4283
3624
9581
5076
5220
7967
4384
-3983
-9306
-2741
923
7496
-354
-8745
8031
-4603
3331
8685
2580
9625
-4032
-1312
2585
724
-4855
9796
9233
9184
-7810
8190
-7283
8827
-3078
1514
289
-6771
1771
3298
4029
47
8639
4746
-2041
3690
5267
-6267
-4608
679
-4867
-1906
-8916
5763
8562
-9101
-5723
-6536
4778
-8195
9534
2822
-3904
-5204
-2261
159
4670
-8013
-9673
2790
-7268
3132
6222
-3310
6318
8764
-6084
-7276
-1017
828
4182
8932
-6997
7697
301
-3162
3415
-1640
4399
7007
7337
6867
-4937
4172
8133
8128
9144
-9297
2913
273
-8642
7512
-798
8807
1784
7755
-1655
-4927
-3204
9043
-3301
-8714
3732
9298
-2412
9294
7100
-9608
-9565
-5478
2587
3415
-3487
3056
-1611
219
8202
-6556
-231
4607
6322
-3356
6154
5826
852
9342
-131
-5125
-3799
-650
-5604
-7309
-6523
8768
2756
-9667
6099
3109
245
97
-90
-8856
-7306
-4032
5287
2847
8946
-8136
9723
-1468
-6973
9286
-5391
4561
4571
7508
-2577
2779
-2083
-3951
-7421
2655
-6499
5478
-3799
-3641
3742
8380
7333
-6550
-3682
-8492
4481
-3015
-1889
7821
-3551
-5809
4110
-5040
-4092
5445
-5175
-6280
9532
9147
5048
6657
-4544
8730
-3225
-5271
-3167
-7417
-8826
8890
32
-2989
1565
1200
2800
-100
588
723
2934
-8672
7056
1422
9459
2982
8508
-3356
-1845
299
4418
9949
-7101
-6748
-4830
5451
7495
-4229
-3448
-5256
1072
-6484
6663
-3006
-21
5850
-4757
-5292
-4298
9117
-4440
-2427
7397
-9078
-7036
-1817
418
-4746
-3827
-2818
3041
1585
7874
-8274
-2124
4222
-4143
-1358
-4460
1454
9695
-3652
-9078
7941
-4267
-1518
6926
15
-9743
-1309
7569
2934
-4898
464
-435
2041
8937
-5431
8612
9292
917
7809
4476
-7954
-9212
-4112
7822
-708
6843
5417
-4643
592
2906
9912
1077
3892
1692
-8636
-9705
-4085
-7772
3827
9079
3732
-2380
-8013
5399
3351
4092
-7737
-2384
-3333
130
364
3208
-1292
1787
-4966
-436
7147
5179
2214
-3368
6259
741
-6054
-6388
-4567
1170
-7869
-9978
-8013
-6787
-1593
1646
-2149
-997
-1948
5921
9586
7007
2675
1399
9002
2990
3271
5340
-2670
1670
-9309
8031
-6169
-8528
7893
5877
8553
-435
8301
8048
-6104
3754
-7151
-5142
5182
280
2230
-666
2229
-2314
9114
-5483
7453
-2548
453
2234
-299
-7086
6463
5526
6313
8972
-6279
7892
-4562
5480
6674
-5981
7075
-2610
-2832
-1070
1906
450
-1419
-9880
2752
-9978
1974
2309
2529
-6175
1271
6626
8606
1409
-3799
3963
8310
4069
-9459
8714
8684
6455
5264
1758
7365
-90
737
828
-4599
-4340
-1374
3325
5101
4605
3524
8185
-131
-8642
5911
-9756
-9170
-9296
1961
-1717
430
6280
-4674
180
-716
-2135
-8454
6248
2926
-1784
-4497
-3800
4297
2231
-4107
1211
-4291
6731
-5685
3654
-375
9025
-6260
6759
1204
-4544
5147
-9862
-9647
1763
-8642
5067
4860
-5639
-6705
-6817
-2811
-9819
-7053
3202
6518
7056
-2081
0
-9405
2240
-1817
-3397
-8206
8880
-8339
-1781
-2565
-2768
5038
-9066
-4521
-4592
5606
-4415
-90
3640
-4852
9163
-4340
-8082
-5689
983
6984
-7886
-4913
-4376
-5876
-3756
-3499
-9234
-4363
8031
5826
-6806
4011
-9520
8512
427
-2814
-4107
7543
-718
-4987
3331
2309
3589
-2791
-1689
-9603
-1306
6734
-2969
4204
2647
-1981
-6698
134
-4603
-3062
-1414
-6015
-4092
7867
1816
-803
3452
-3675
4655
-4319
-834
-9777
206
-1985
-401
-1118
-6908
-1367
8527
-923
-8430
538
6907
-2415
-4401
5173
-7338
-7961
5903
-2669
1944
8321
9940
-3132
7732
2048
-6846
-5133
-9900
-84
5923
5083
9695
2934
-7522
4765
-7351
-594
2445
2927
6400
-6503
9869
6439
7893
6735
-6454
-9570
6558
-4545
951
-5748
8416
8157
7520
4935
4384
6212
6651
5330
180
1816
-8781
40
1855
5429
-5157
9165
-8971
2362
6730
8927
-375
-8205
3985
4501
8664
7850
-2504
3255
2955
-5587
-5982
-100
1944
-3990
7528
-1346
-2577
6946
-555
-7321
6703
5493
-8013
-7754
1401
7941
-3748
-2927
-5210
-3429
7944
4110
-375
-8041
-6946
5086
5631
9778
-4310
121
8685
1011
9907
-7047
8890
-555
-3285
224
5327
290
6844
-5903
8188
-6689
-5028
6944
-3554
5419
-1309
-6388
-175
5455
1496
3605
-893
-4510
-892
4554
4492
5191
3876
-9508
-5448
-1683
-863
-5378
1232
4130
-2042
6384
-5389
8432
5052
-3470
-4620
2987
-6631
8460
4149
3742
-1950
9937
9726
-3448
6591
5181
-1366
1396
-3629
2728
-3623
4103
-4817
7893
-8642
1311
-4851
-4040
-2387
-4025
-5217
6071
3755
-1040
-3623
3047
8189
5980
1084
-8253
-1385
-4225
-3975
6054
-4574
-9868
-6903
-1950
-3634
8917
5970
4270
5182
3222
2116
4738
-3694
3143
8023
8286
-4500
5280
-7160
-9117
-7356
2944
158
8739
-9057
-2218
-5217
-8261
-8943
-3253
-825
-1808
5388
5504
8842
-1920
-3769
3985
7337
-7221
-1773
-2229
-601
1489
-237
6175
-7446
-4970
-6093
1797
1682
-9115
-7933
-7808
8805
-3446
2239
9066
-5441
-6396
4325
4702
8048
-2399
1318
-9813
-366
6818
-9555
8070
6779
6194
4668
-1879
6403
3945
596
6945
-2761
5549
-8310
-4450
6105
3757
-4188
1118
-7954
-515
7119
2777
-3137
-6350
-6079
-3218
-3649
-7498
2472
-5305
-8651
7981
2653
5480
-1895
-144
5075
-2927
5125
-920
8764
-5364
6151
259
-8959
992
8943
5512
-16
-9469
5453
-2840
5559
13
3225
-1164
2797
2665
-3121
7
-1119
-4694
1600
3655
9789
4895
-3337
3655
-7812
5926
6518
-7221
2952
-3337
5638
-8357
1318
1271
9646
-37
6756
-1270
-728
7935
3025
-1191
-9542
3891
-4580
270
6439
6493
7436
8226
6235
3073
8026
-6644
-9174
-7551
6664
8483
-3027
-7869
8821
-8852
538
-4032
-1299
3078
-6363
1231
6722
-6054
-5540
-4056
-3975
-5189
7743
-7558
-3609
-2475
8401
-7686
1547
-2238
3331
5622
8228
-3422
-1630
-7746
2178
-2627
2222
7328
-6607
8652
1571
-580
-8326
-33
6865
-3972
-6387
3405
7301
-1673
-4546
5559
-2821
3771
-5175
-3630
-7586
1333
6326
3930
4922
2991
9865
-4495
-8171
-4143
-6291
-8682
9935
1066
6850
-2411
-5293
-8347
5657
-7164
9148
-3822
9996
-1441
9286
-5789
8025
7273
7151
-8859
2051
6696
-3008
-5267
-9128
6591
2806
3645
-7069
-6789
5850
2649
-4239
-4096
-5939
-1976
-2943
2955
-3643
2702
8210
-8857
2340
2396
1741
-3026
506
-2515
5729
2674
-5088
9651
8882
7439
2812
-2954
5863
4384
485
607
2570
6571
2674
-4897
3056
7882
-6945
-6240
-9208
5086
8686
-2466
-308
5398
-6230
8526
1040
544
-2999
-5755
-5809
-8991
-5905
9623
7520
8032
1189
-9331
-9442
-7242
-5705
9080
-7517
9061
6566
-4128
1645
289
-4279
-7845
9651
-446
-7345
125
-3686
-3984
9462
-1354
-4281
3383
-9483
-4878
-5134
-1414
6705
-7441
-1029
2952
-8009
1556
8736
-7782
8841
-7649
903
-6742
-4811
4607
8516
-3330
4194
9067
5864
1138
-6503
-8877
612
-2042
-2475
-7163
-4563
721
6273
2952
-7758
9630
4100
3804
4860
-4633
-8393
9779
-8963
5233
-6194
1328
4645
8815
-6061
-8802
2424
-491
-9625
-760
-8115
-2346
-1512
-4642
7503
-3603
9081
5923
280
4038
-3576
743
-9828
3638
1471
-9175
-596
-4040
-4710
2208
-6479
-1471
-5231
2054
-6372
-8315
-3731
9201
3727
4299
-5866
4234
-666
-1687
2947
1865
9396
2277
9410
-8963
5406
6626
2730
-4442
-4620
631
-9405
-1447
-5973
1698
7504
274
-455
-1185
-7954
2641
6386
7337
7388
-2231
-2643
-1867
-4195
8471
-7407
-3078
-6916
6731
-1420
947
1509
-1118
5109
9167
-5146
2521
-7454
1786
5686
258
-6363
-4107
-3165
5310
489
-3739
2253
378
-7216
-6520
848
1950
-5490
-8461
-8216
6238
-3471
-8877
-8731
-69
921
-5504
-2643
-8022
7852
-7640
5811
-2614
2179
9185
4416
-636
-8359
6721
-5334
-4553
-7808
-4738
839
2222
6699
-3487
-1752
7290
1748
-1001
-6756
852
5724
6399
-1670
721
-9612
9947
8692
-7917
2924
-5819
7269
-3285
26
3932
7516
4447
5471
6471
-7149
-2052
-4669
-9399
3726
7364
8688
1021
-1125
-99
5233
4904
-4161
8529
5809
5822
3670
-8249
8416
-2123
-3327
1708
-5109
-2405
3316
894
3047
6317
-6690
-1374
6287
4962
3030
3383
-1027
-2365
6558
3886
-4237
2018
7273
-9733
4713
-9301
-2791
1248
8173
-5741
-1726
2496
-6631
-4553
-8041
-9938
-2781
-9603
8854
-7956
-5945
4190
3445
6579
7436
1941
-8171
-5367
-4151
-8162
-4896
1798
9831
6919
-3429
6463
4289
3688
-3006
-3205
-5876
4776
-4119
-10000
5890
-1760
3128
5548
-4710
7626
-9779
2280
6103
-5945
-5701
-7221
3426
-6000
-4520
-6402
-1703
-5202
1164
9192
-895
9001
-6393
6466
5324
8115
-8846
3338
-8813
47
802
5683
-8353
5923
-5409
-7843
3848
12
9183
2252
9714
-6001
-4520
1011
273
-8106
-6277
-5023
7811
-9513
839
-2340
802
-816
-4287
1816
-333
2475
8849
-5751
-1
-1011
-8508
-5689
3805
-9845
-2169
-3330
-3603
-1902
3744
-9873
-9579
-8507
-3518
-3087
-436
-7163
2049
8851
-8183
8749
-4107
-1649
-6787
955
3688
6977
7249
5326
922
8939
-760
-7638
-409
7527
-3170
1003
-3165
3160
-1897
-3921
1964
-8978
-7164
5368
7355
-735
-3926
-9
714
9333
1656
8752
7777
-7337
2165
7421
829
-6363
1786
-7207
-4558
5338
10
-9578
6666
-4621
8644
-9645
-9539
8881
-7320
6591
9635
3044
7752
1670
-7675
-4195
9202
-4225
6221
1740
980
1798
-2160
-255
5827
7451
4904
-2399
8093
8001
-2304
-1254
506
5626
-9732
8144
4928
178
-8803
9174
4382
-1586
-4350
5885
-8718
7610
5313
-8187
-3520
5613
2958
4609
-3307
-9102
-4056
-4246
-5680
5013
2158
-1952
2001
8667
5526
9544
-5292
-8487
-3186
5213
4646
2309
7608
-2971
4950
3063
-231
-4904
-1299
5417
-8743
111
-1983
3712
1150
-8518
-5652
8685
-4298
-6113
8915
2633
-2314
-1657
8892
-9889
-5597
7823
-5163
5485
-7399
9199
7383
-9420
-8137
4327
3709
8166
2149
8474
-3682
-4819
-7772
5047
2310
4032
7447
-9847
-8055
-2206
1546
6411
-122
3003
-273
2925
6209
-8642
7058
3044
1729
-4161
248
6518
-5368
5481
-4363
-6298
1748
-5285
-6467
5750
-984
-5288
2435
-2969
3468
5934
9822
-7421
1465
-4097
-7204
6073
1964
2465
-7060
6553
9381
8485
3886
5549
1954
6428
1797
4110
1557
3063
-7121
-2659
-2405
-9037
-3646
-6684
9035
9808
-8165
7917
6368
8612
498
6
-1105
6531
4446
4284
-3800
7002
-8688
-4766
2876
9641
8137
5761
776
-3274
-7094
89
8370
3316
3527
4190
-489
-224
7957
-7637
-984
-1840
4414
-1221
-6377
2068
8470
-3385
-5273
-9014
-5947
8935
9253
189
-6520
-9118
62
-327
-1944
907
-8183
159
-9175
-667
7794
4533
-4554
9256
6622
2389
3507
-4258
9689
-4814
-2446
-3126
-5764
-8721
-6388
-4069
-8106
-1803
-8007
7249
2773
5285
592
-4040
-4936
-7019
-4940
2175
-9777
27
-6770
4098
2782
2173
739
4002
3734
5080
-8888
6468
-7198
-3016
-1518
-5684
5545
5275
-3132
115
1865
9471
7794
3732
1613
3300
7668
1218
-7062
-8386
1204
-5375
-6557
-5302
-3448
-2171
-3613
7828
8202
-5389
1645
-4081
-4040
997
8880
-8149
7163
4382
-2684
-5713
-8886
1866
4571
-5028
1054
-5735
2601
-2454
-5704
2325
-7502
-1627
-3635
5702
-2367
3454
-882
-3285
2401
9552
1585
8480
-6479
-3197
5
1486
3687
-6828
-5078
-8245
-7729
-4365
-5651
-2617
7797
-2179
-33
-2229
7388
8349
7382
2703
6105
3388
7797
538
8638
-3130
-6110
7896
-5073
345
9213
124
3540
5809
-2696
-5475
6730
4979
8048
369
-7772
7546
-8215
-923
9427
727
702
9503
2990
-1503
2173
1026
2180
2925
-2227
-3951
-5220
-4462
9542
-5201
-298
8745
5992
6900
2801
-5851
-2957
6756
-9263
-9405
2839
-252
-7064
7100
-9265
6518
8126
-3351
1556
-2817
8202
-6946
-5201
7863
6566
5640
8304
-4677
3151
3609
3268
6525
-8137
-7542
-8526
166
5478
5186
-7907
-3482
3126
2033
-3801
8636
-6563
-5292
-6255
1048
-6720
-269
-6238
5178
3709
-6001
-9140
3292
-6683
2870
5847
7225
5441
-1678
9764
610
1404
-100
579
-2497
4172
-733
8727
-9360
123
-3594
-1815
5200
997
2773
4673
-7840
-6742
5451
5915
-4793
9993
-5741
-7772
6174
-9150
-6561
7877
-2988
5638
-229
5882
1585
-4231
3388
-9884
4571
5287
2864
-3191
-3987
8976
8332
-8150
7190
5379
4726
-6332
-4239
4068
5562
4498
-3505
-224
7057
-1252
-5390
-4351
-7695
-4698
-4554
-6288
7465
4742
-8665
-9734
-2365
-5367
2605
6248
-8538
-3126
-5292
-1575
-7956
2247
-576
-2929
-6819
-366
9815
6558
-4711
7947
1156
-2603
-3413
6496
-3598
7758
-7440
8692
-5673
-6444
-2945
-9673
-8906
8719
7147
-1260
2479
8882
-7363
4571
-7675
-2515
8137
8850
-8348
7611
-9400
4708
1248
1457
-5724
-9926
9789
-1808
-603
-3921
2744
2365
-4896
4676
555
-6826
3690
2746
3989
-8013
-7577
7805
6274
-7711
-1637
-5904
9581
8526
1158
9695
1724
6941
7579
1655
-6133
-889
4985
-9579
-7328
9448
-6110
2801
-305
-7542
3344
5455
-8560
-2081
-1680
-6284
7873
-2314
1054
3128
724
1056
9231
-8868
-8636
-5689
1234
-3257
-5782
-9749
1265
8482
1841
5093
5474
-436
-5874
-6188
1486
1079
-6487
-8999
-1921
-6577
9506
3900
3426
-52
8892
1956
-3351
-7047
-7124
-8837
4766
-1636
2173
-1945
7581
-2624
3091
7397
4935
-5340
-6398
-5937
-4479
9413
2063
-2215
-3274
8361
8492
-4898
2870
2235
-2916
3630
7811
-6222
-1668
-4065
4254
-6335
455
4766
-5403
2744
2178
-3886
4645
-6340
-1736
2374
-1118
8927
-3871
-9813
-2816
7122
3910
5631
6209
2876
2334
-2414
1386
-6856
-2369
-8261
-2339
3259
2348
610
-5192
-2579
9578
5759
5986
5244
9726
-4711
-455
6438
-9214
-4668
5650
-3821
-7334
610
-5423
-8857
4976
-9130
-6718
-6999
-283
-2819
-5349
7565
4594
-3946
-9013
2674
3234
8807
5993
-5428
-4231
9142
-9358
3857
-8585
6
-3139
-4138
-6257
4612
7641
-3327
-3391
7284
5871
-8007
-7066
9233
4069
-8100
8450
-7531
630
-3679
-8736
-1878
-6927
6583
4675
5656
8526
5649
2113
-1895
184
3332
-1173
750
8815
-973
-8108
-1507
8569
-1867
1242
-7601
3462
-1438
-582
6
-6428
-6017
-8608
9294
6942
-1100
2388
-8753
-8997
6235
-2784
-8499
-1267
1609
-6388
-7585
-1322
636
-3442
-7127
4554
6998
9707
-4847
4904
-6864
4681
-6925
-3251
7778
9768
6591
-1605
-1558
9169
829
-502
2519
-7189
-4698
7014
6733
-8849
-7003
-400
-125
-3634
2158
2445
-8648
3559
-4440
-1760
-287
6648
8583
5147
2139
1921
-6840
8370
9427
5463
-1441
-9760
9481
7312
-1512
8891
1692
4250
-2739
6102
6471
7812
-5147
312
-2710
-6893
-1960
-7288
758
-1522
2780
7354
-1306
-894
-100
9938
5911
-9009
-9851
-6783
3468
-5449
6471
-3842
854
-4629
-299
-9627
4859
-5444
6317
-4440
5555
4628
-5794
1100
-1771
-9689
2928
6867
-5451
-5899
9184
-5278
-2309
3805
-4083
4632
4941
3769
3409
7192
-3871
-9864
-208
-6080
-8753
2457
3623
8991
-9604
-1948
9298
-4975
-5157
4976
3677
2234
-1649
7582
-580
5631
-6061
-4774
4901
-6484
-2644
5650
3744
-9915
5582
9718
4694
-7028
6004
6019
987
-900
-150
8930
2733
-8994
1547
7631
-224
-3551
-2311
-990
-9214
3527
-7522
-2304
5265
-4340
6503
-722
5326
2861
6828
-3752
-5631
2527
-426
-3955
-8448
2315
-7250
-8206
8543
-573
9286
992
-5937
2119
2649
2794
-5261
-899
-8022
7253
-3886
-3787
3932
6471
-2265
-8454
-4096
-3839
-5406
1724
-216
506
7050
969
2296
-8519
7462
-6732
-7807
-9622
1743
6583
-7047
6210
7743
2911
3547
3852
-8934
-8909
5338
6472
-5323
-5441
5943
3796
4355
2943
1898
-424
6894
-3085
5357
3688
-3789
-3923
-666
1947
8630
6831
-7318
-6153
-7078
8166
6483
-2811
-4504
-8984
9331
-7058
-5073
-5643
-6578
-9078
-933
-5631
7728
-3233
-3444
-8253
-1894
-1400
7065
-8135
7428
-1016
-7183
-1557
7893
-1655
1374
-8920
-9955
3058
-5651
4840
6086
-5112
-968
-4307
3953
6733
3456
-1631
-2706
-992
3533
-3202
-8012
-7950
-3839
-9471
6127
5961
7812
-523
-6582
5920
-1459
8513
6525
-3629
-7154
6365
-7321
-2299
-9223
4235
968
6463
3795
5836
-3513
3377
-2891
3805
-816
9923
-9472
9793
2527
-7201
-3123
-735
7812
2744
-8343
-6642
-9245
8300
4610
-1242
-8773
2875
-1073
2597
2846
-6748
9750
4567
5707
3930
-8642
3593
9517
-8865
-3428
6491
8943
-9176
7467
9478
6918
7237
-9113
-3976
-7443
-1474
2097
3151
7546
-6408
-1599
-2908
6858
1324
4576
-3772
3479
-7493
7481
-4594
-237
1011
-9955
-4863
-8492
8842
-2721
-228
-3132
3910
7906
-7033
-3137
-3103
1416
-3814
-7552
4151
7864
-5599
-8567
-3137
-2916
-7376
2788
948
4646
5464
-1850
-2986
-3103
-2833
3933
2047
5679
-8176
-1354
8381
1084
-559
8719
4510
5638
9924
-44
5565
-2614
5932
-1297
6265
9067
-6089
-5355
-8814
-2515
2165
2457
8482
-1363
-4264
-3205
-6170
8296
4737
-6476
9665
5389
8188
-1322
-8724
3909
8807
-2928
-7858
5271
5550
130
-2837
1011
-8438
-3006
-5188
-4872
8730
-727
-5992
7885
8759
3933
9760
-6318
-5625
-4651
-1986
-4287
4791
5324
-3807
8932
8300
2658
-958
4654
1960
-9007
