6489887186259823155119378351872148719812918213519649577918412241959623221389974192429139298912991367
3859891261917894749518659872199265294116953513169391165342899913878588561865553734597561693917577259
7821697449796196228941887781377133998193483644892699199569294366179448944296919898443894894653982299
4521784638899152252884535888651941499199556787174181866459996191939865591888468793671399848719386874
9191996931799877154649198443239834219617959491499995891819688991189512152374148611392199689771321748
3667131999966376698925485914885119653598637984789199249717987982323518981692239229913697228977769187
5913911179874379588135157927159887689932919711124715316555782223929991889593659797141392198858861889
8889299854191893897698362569935143896411522526753243281794876746461747369943293918696398639953911511
6463567347538215129956611194361438953389822419896312246999991693527638996861829479689711567997995192
4969812254996785971152245859891328871698554194613499811274874939279976912834954128868111913733497634
8715226296411979999175491771891518398174152999617899176858298421743955979312992148338161118133772495
7989997198451591732186779418728991818771799995794999176147971519698195299959679496494381395415153939
7282692814783299921331798173611516298898794899725789859192132379219117118492499969761658218929927864
1342992871132334679195998919715589998911217792694649176999976859878194946915717791192969628795921896
1198594318116525819324277961659629619194282188583741151135327827985988397249852849998274177979884659
2948759488457996218881696122961499228919527561398512991239279917671118964912157265623911892599513341
1721619411197179647114339866313852894794263785891972697189216816957987796466513815441999997333837393
3375834591789764977977935817192389195669288849247457436183299942397325166499195293613453415691119331
3383251379988789959621411392916296699995912197528691115352699418473557811621889429574876824981465367
3946625971993126978662721165287737699957111997461919135155999927868159654568599845934641519931184857
1814219784816784397613259195177424337829849136888218979928947895987954996239299692997891322152598969
9167118929432986369621459985116955896895789531924573998849117693222897796967477579879164869645691987
9993931541269456449491677911123286988879389825977278399128481297719892848811719696399852796988151918
9893884365787225284723759349718218236629959279191199596535127988933911516948618826618861995591558212
9984997699594184215439998946186347579842727156615585749955918144359797292171113989999655891195231226
6519569284634811452859581242533679729318722199188497578918759345212444219469537986694271952662894183
1673153584676797169319899939187899839683837996566397291171477988821999223881914917719626289955111858
7146537276973579271975991138698798718183139181834274738682599352532928589621298131971429319935464919
2911336366179694233796282699294517727951719996114927296729974248127291213748482125674817329679322278
4798699184439539972938181916719984885811953923118182789714537319491196255791897212198915189411912489
7852118738919181535168449598885759915381876297123897699578914948274581139887226879962581681998894469
2918667954587166379414138982984796566391888998953829743959158938492499153199913868516322211627813911
1911191198236791992999514989515915961526982494489934936648985927464538438395828491299233338941422537
9861519197351334579955861514693812489919794188373831563893523762239644661783993119958349691911885978
1741796188248628177931939945714851283262278358937917679382912284585329923948919181599981922219159783
1918269993688698189196826775213217961928471115358414161749125718999932737938991944829186798198969188
6335968599954929332975183965197971948118259199311892138919168279994983228145986116959153969714994791
2294996932925629138737697471187317259977389438529157681417294638795539161967894892297711499619598914
8621919128831831818711188658183498495415179256744899519992376961651631159967999793957467811269819598
3486228927949465647719757181978926928894916813256577694958591299649458467861486232122397593137169986
9195326888839115399949459765722899699729351261768612954948887622916193153198249712582629784163892915
4946191927925146992288978981127654497969526715961851746313929219282191751297476541666118492999823964
6687919199698953659176799913987999589192872822569891946679824579135968776766721961199575772548589916
4134837613838699992499794185936511677831523879464926397999598699218495659219951997241941199797561898
6261448956192268429191952813481184164439771317735498973672159429878683873947826158193518449579369192
9968869557217691155988975292999388917423624394882599979257399494723919317766653218239966399782187116
9966829587494189799987695999513479929199725278387418789286142795498925915831139896844459884251964868
5396855967999263847161618545818977839821986999731717195938618127272182989829788669792191979169842532
7411292996999993111239118429943655151416518359136297412488899595883341818989997121211198297187911377
9196629191657399132973598379658919935439429224971517198796197371799969145169368359376974781195691986
8589413895899834592118948819942978772138592511999818927291922852486349219751995689939229999185862953
1882194759189183591113197382999544497487679351797936616978884774182376797351219262979319868549948281
9184258617583712689763789718888137972524397966682811677883976177181132249351143121729849199437866999
9556275318376769661948738785992793657869919164569979499127814851339178876193124941927821878473153729
7892499245969133151275136649526185431496211498259147889395259649779913981277852362894275939263197672
9671996851958894295391848215138549563891991825285614289249118939817576899117191717752246651677574964
6562757999829875145185299995926531154995694922852699871398229267983798394693177351988659498619151974
9612979878992979214912833763968731549833929741282463217115798811998957951325968989219121221269382573
1951135499657277927794928391725387793267692731819411542699928991821277811777397137584388612279595512
4897899918666839299735399298685895393976979387487982785975214481912167862899939499818956886811511988
3194795996419821299529893972877925473199136558242963751565738943149862917349668888641978684392288254
3855149896919997966185588993183816788733191983937934821934159916623621198998992853869847994292261194
9988579517217345898838857912172329119829698617621885454288298799884729989941148223141144149899217479
6869828631284879491818657636317679896188198929722557989593146998317766298678957579179795586129363692
8287625731788281229994217911621253787498888962698649982918537821698695811638992718962949497347288544
4896753775442136287828134676112178487479269494432932911139218183159784997849891195593224651821143519
1139599599991411268219246889538966599613914821724171431395718369987836951467955691554831699697112634
9128828181975135691973949619999971118869192239876883788796939851651648628399192149378459244234757497
8581162182629999869119926821699216797496152998895157257995684428392589921818699865516649179359652924
9697584395718129994439988918992163872884349692994997213898419793381511992693181913986572155474387998
6677997829159995128961182811289997784883182241998717777268997992294739829878661852488523593221898252
5486411239295839141247178239659922571837938155499997549128141579789988799672895799514971796989628958
7611176121288241142134716338517847618891613122779149923516144212733191789649975928147168879482835353
9167417648418122518911281971939619897959981649294769451911997323612856974726369172289493573152679678
6396139837482186168484962613389615969151844828895288546313932552719241818569189326924674579129191929
9192988919711829998325268399985689962698485887171872421584195297759112958322196226913136196199113669
8552131195647191946949124641799899421973981579899367189213295889177218617687645292362724794327959631
7675194211299863899781911918113989549137749517662289514947978179878994261944996992992988646489979561
7176883972797921724559913843529419171879197125819238962993994189984368511879819399998947666827923884
9817969397397387639449669997195928989431992843918774764975788888591588869165984887397885918724915341
4816121895847531961124892819586916999615691489369498549834323979486898897396147132229178935883137962
5892592413893689341918543161484511949688491399639473625899387442825939958166159837997154171979699498
1819556356971946798616673891313997931835257288259667919849393911961718369181219964691716391981225912
3274167991535126598375789267259673716345497652158741991221929843656673998919197497799879837721891797
5799819513918583127885649988815789645776827199949769225893681499185499881929757894338949945133918919
1995979919459393987999759523589616919937188911161461983988919162819528864983382327788857711981999978
4628299989224999728851597879368389299987166123126711118869676993942741879796453798939391176139184414
8868915759285987977659386677347859996199325296113888953391589374135841991771694771989899261995876799
3393355676951921981815718966791999825418191819919377912817973116996989679877743297924797651821829322
8519217448191971119149418599231299232951981819128887729769976591419186954999269742399161897525291398
6389619899879291912994898498815121355272798119935937776914972399984181883475669174741328311824148795
2846916718363221997596588882169128419181577881276689654289937771469377998931159769188943999452661139
1499999919114482186998669958583376298941821125198162321371219419659939771111533825911917132199816887
2142615962111949998213833877249211218991949393197616197972687877994251129373841993791981867991671285
9669867694996812599574199979354419499962135898199584719361114281717491214138843966486577512715962799
6712331873231185998787427899787782825134349681511869175922196548129887199617819158318999613893161118
4995424754161198765511939786353393392821871664736169888293488868659126466914158832932839778111651778
3563939629853311785176772915785816664814594867919987479191182974557879967911975773899639999129463297
9195938179832691379259289899245959749184484895541687986293319345911749296791992647715743481889336946
3884429479961592676681929921881348245183342149458951989379541739578763641649819817775578916959299318
